1 40 1 11141.0074 572.7275 108.00 40.00 108 0.0000 108 0.0000 40 0.0000 40 0.0000
2 40 1 11141.0074 1212.4145 110.17 40.00 108 208.3497 110 11141.0074 41 656.7644 39 334.2067
3 40 2 16830.8184 2049.3866 111.45 39.90 108 227.3077 111 11141.0074 42 389.2354 39 138.0082
4 40 2 16830.8184 2931.3424 111.22 39.98 114 533.4320 110 16830.8184 43 2267.1814 39 1059.8643
5 40 2 17392.8584 3415.0010 112.78 40.50 116 2267.1814 112 16830.8184 43 1263.8895 39 1067.6900
6 40 2 17392.8584 2433.4268 112.92 40.55 114 17392.8584 111 16830.8184 43 -29.1290 39 292.0404
7 40 2 19338.0453 3897.4228 114.78 41.05 114 17392.8584 110 16830.8184 42 2825.5230 39 16830.8184
8 40 2 26489.0028 6410.6538 113.88 41.00 115 19338.0453 111 16830.8184 44 9954.1712 39 286.0699
9 40 2 27116.3135 7128.9147 116.33 41.55 118 26489.0028 111 16830.8184 43 447.0638 39 244.9741
10 40 2 33728.4662 7205.3215 115.28 41.25 114 27116.3135 110 16830.8184 43 212.5461 39 16830.8184
11 40 1 48994.1879 8667.7672 115.67 41.70 117 33728.4662 116 23351.4429 44 370.6502 40 233.0633
12 40 1 53998.3361 9408.5412 116.80 42.05 117 191.8598 118 48994.1879 44 1594.0756 40 9687.5147
13 40 1 53998.3361 8446.7388 120.62 42.40 123 42983.7478 117 495.1488 44 11209.4051 41 217.2385
14 40 1 57780.4728 11038.6862 123.03 42.62 120 477.7113 123 53998.3361 45 10265.0222 41 2979.0984
15 40 1 65069.0318 12072.5164 124.25 42.95 126 57780.4728 129 57780.4728 44 0.0000 41 15976.0109
16 40 1 82027.2784 18689.9032 126.47 43.55 132 7650.4795 122 82027.2784 45 22879.7038 41 2952.6465
