1 40 1 5768.0719 1307.9655 54.00 22.00 54 0.0000 54 0.0000 22 0.0000 22 0.0000
2 40 1 10870.0807 3216.1309 55.40 21.60 57 403.6629 54 0.0000 22 4319.7880 21 0.0000
3 40 2 14261.2458 3930.8686 56.15 21.52 54 637.0111 55 10870.0807 23 216.9933 21 0.0000
4 40 1 14261.2458 3863.9823 57.38 21.62 59 3606.2515 59 14261.2458 23 2160.1646 21 1728.2087
5 40 1 15918.3532 6577.9790 57.92 21.80 57 336.3205 59 14261.2458 23 5724.0796 21 2730.1481
6 40 1 15918.3532 5231.8509 58.17 22.25 61 1317.2497 56 9331.0929 24 1677.0256 21 0.0000
7 40 1 17348.1758 6900.5267 57.88 22.30 56 3246.5118 60 15918.3532 24 12185.1020 21 6060.5478
8 40 1 17348.1758 4478.8560 57.83 22.20 61 4587.6520 55 0.0000 23 4587.6520 21 5723.8808
9 40 1 17348.1758 5630.7265 59.05 22.60 63 6596.7457 58 10049.7840 23 10987.9878 22 0.0000
10 40 2 18216.7644 7031.5463 59.23 22.70 58 12321.8594 62 17348.1758 25 551.0751 22 13728.0009
11 40 1 18216.7644 5482.4873 60.75 23.30 64 4994.2551 61 18216.7644 25 5575.0402 22 2423.5182
12 40 1 18216.7644 7549.1424 59.70 23.02 56 1971.9452 59 18216.7644 25 2787.7055 22 0.0000
13 40 5 28263.7520 7103.7354 59.73 22.95 56 10598.8105 64 18216.7644 24 0.0000 22 4472.2648
14 40 8 28263.7520 7924.6312 61.50 23.18 62 19917.8841 59 6170.7111 24 10859.0379 22 0.0000
15 40 14 37643.3596 9573.0764 63.25 23.68 64 13982.9399 61 3391.5151 25 12486.1016 22 37643.3596
16 40 16 37643.3596 8832.0927 64.47 23.95 67 14170.7902 62 8939.1885 26 4373.2329 22 7511.5983
17 40 20 37643.3596 9654.4151 64.30 23.80 59 490.6098 61 20351.4860 26 3634.2141 22 0.0000
18 40 22 37643.3596 8637.6501 65.65 24.27 71 1395.4236 62 20351.4860 26 7091.1581 22 14638.8931
19 40 25 37643.3596 9609.7266 66.03 24.35 72 15503.1687 63 20351.4860 27 5420.0014 22 37643.3596
20 40 25 37643.3596 8661.9738 66.38 24.48 75 8266.3120 62 20351.4860 27 3068.7611 22 37643.3596
21 40 26 37643.3596 10367.8396 66.22 24.50 75 8266.3120 60 20351.4860 27 1761.9123 22 0.0000
22 40 24 37643.3596 10250.3569 66.35 24.40 75 8266.3120 63 20351.4860 27 5420.0014 22 37643.3596
23 40 26 37643.3596 10191.1677 67.33 24.60 75 8266.3120 60 20351.4860 28 4919.5616 22 0.0000
24 40 25 37643.3596 11009.0208 68.47 24.85 77 4919.5616 61 20351.4860 28 2866.2537 22 0.0000
25 40 26 56240.1931 12363.3008 68.60 24.98 77 4919.5616 62 20351.4860 28 2237.6633 22 20363.1662
26 40 23 56240.1931 13357.8140 68.75 25.10 77 4919.5616 62 20363.1662 28 4919.5616 22 37643.3596
27 40 25 56240.1931 12263.3088 68.53 24.95 77 5407.1090 62 20363.1662 28 1796.7090 22 37643.3596
28 40 24 56240.1931 12564.9867 68.90 24.93 80 6129.2777 63 20363.1662 28 2827.4853 22 37643.3596
29 40 24 56240.1931 12340.7334 68.40 24.95 80 6129.2777 63 20363.1662 29 5773.6842 22 3977.7744
30 40 23 59443.5002 13180.7790 69.05 25.12 83 5773.6842 62 20363.1662 30 6356.7991 22 23300.0917
31 40 5 59443.5002 11789.4693 69.78 25.23 86 6356.7991 61 20363.1662 30 4327.3923 22 0.0000
32 40 6 59443.5002 8849.6841 65.70 24.57 76 19245.9637 62 456.6468 28 341.9979 22 469.2738
33 40 8 59443.5002 9982.1620 65.90 24.38 69 3860.0077 73 3860.0077 28 12044.8641 22 14941.0114
34 40 9 59443.5002 9135.2408 70.55 25.30 74 19267.5389 73 449.9156 27 2525.8381 22 5350.1061
35 40 9 70270.9457 13023.8324 71.58 25.43 66 21447.3306 69 799.4710 28 2090.6025 23 500.9763
36 40 8 70270.9457 14239.3466 72.03 25.62 66 26494.5534 71 799.4710 28 12260.5206 23 1292.7243
37 40 10 76048.6675 16551.1829 73.92 25.77 66 19131.9126 73 799.4710 28 37168.3355 23 533.9319
38 40 9 76048.6675 20851.6677 75.10 26.10 69 3416.6459 75 1681.7165 28 4528.4875 23 8634.2611
39 40 10 76048.6675 20227.7177 76.83 26.23 85 25618.6996 73 1725.6791 28 26768.7892 23 8634.2611
40 40 8 77116.7465 20795.5314 77.22 26.43 88 9881.6952 75 3263.6016 29 515.2226 23 833.5552
41 40 8 77951.4243 29465.8973 80.17 26.88 87 38259.0124 76 3263.6016 29 31317.0514 23 2438.0665
42 40 6 77951.4243 21902.0411 82.75 27.43 90 26692.3257 77 3263.6016 30 8306.0295 25 24144.0867
43 40 6 77951.4243 26584.9064 79.65 26.73 88 42495.3520 74 77116.7465 29 1181.8154 24 8368.8433
44 40 9 77951.4243 30454.0575 82.28 27.10 91 56898.4790 76 77116.7465 30 56663.9067 24 285.7957
45 40 9 77951.4243 33648.8619 83.47 27.10 94 53917.3522 76 77116.7465 30 56642.1253 25 8506.1868
46 40 8 77951.4243 36752.4192 82.08 27.12 91 56898.4790 76 77116.7465 30 5951.4643 25 6163.9204
47 40 10 77951.4243 32073.2293 82.05 26.73 94 30664.0492 76 77116.7465 30 6334.7482 24 8717.7382
48 40 11 77951.4243 34205.7772 83.83 27.32 96 102.3371 76 77116.7465 31 44201.3928 25 248.6920
49 40 12 77951.4243 30509.4050 85.15 27.57 97 13493.7532 75 77116.7465 31 40583.6366 25 265.9112
50 40 12 77951.4243 31911.0635 87.05 27.77 100 7060.7521 76 77116.7465 31 5356.8723 25 77116.7465
51 40 12 77951.4243 33267.6661 88.00 27.77 91 17816.5787 94 17816.5787 30 45616.6634 26 12756.0561
52 40 13 77951.4243 34452.4411 88.12 27.82 103 35.0390 93 58342.1956 31 288.3571 25 290.5631
53 40 14 77951.4243 35871.7606 88.78 27.90 94 35.0390 96 41473.5934 30 0.0000 26 7398.0729
54 40 13 77951.4243 36102.5669 89.67 28.15 100 40782.1548 96 41473.5934 31 36375.8668 26 29183.3003
55 40 13 80850.2957 31983.6151 90.22 28.50 103 36375.8668 96 569.9271 32 24884.1060 25 189.7254
56 40 11 80850.2957 24623.6849 90.83 28.38 103 35.0390 85 20435.0561 32 269.0960 26 285.8514
57 40 13 80850.2957 28112.0606 91.50 28.70 103 35.0390 88 76022.3704 33 1568.2396 26 70773.1703
58 40 11 80850.2957 25801.7823 91.97 29.05 105 1568.2396 65 0.0000 33 18132.8260 25 0.0000
59 40 9 80850.2957 24851.5404 92.15 28.75 103 940.6596 79 77951.4243 32 29376.3759 26 77951.4243
60 40 10 80850.2957 35624.0754 91.38 28.60 103 940.6596 79 77951.4243 31 47560.6157 26 61629.3625
61 40 10 80850.2957 42493.2118 92.75 29.05 103 940.6596 79 77951.4243 32 35543.6509 26 62174.2870
62 40 12 80850.2957 39429.6345 91.05 28.95 103 940.6596 77 77951.4243 32 13536.4778 26 0.0000
63 40 13 81208.4159 34584.6248 93.22 29.45 104 15003.0384 78 77951.4243 33 15293.7511 26 77951.4243
64 40 12 81208.4159 33765.2594 94.67 29.65 107 369.7408 79 77951.4243 33 15293.7511 26 76054.1647
65 40 14 81208.4159 43447.0552 96.97 30.45 108 65750.3818 88 75723.7849 33 45936.5741 28 0.0000
66 40 12 81208.4159 49525.5019 97.92 30.98 111 45936.5741 88 75723.7849 34 40454.7081 27 2106.8489
67 40 12 81208.4159 42847.6016 98.12 30.52 109 63165.0982 88 75723.7849 33 -36.1588 27 67690.6440
68 40 15 81398.4315 48221.2102 98.88 30.82 107 75380.5768 86 75723.7849 33 28337.7027 27 68041.0585
69 40 10 81398.4315 46303.8477 100.45 31.27 110 76838.0046 91 16585.1435 34 73710.4102 27 0.0000
70 40 11 81398.4315 43946.1728 101.22 30.80 110 76838.0046 92 16585.1435 33 75017.9869 27 4317.0134
71 40 12 81398.4315 44131.2445 99.58 30.90 94 6211.0163 93 235.3055 34 13222.9231 28 0.0000
72 40 9 81398.4315 45309.0180 100.65 30.50 96 25993.9534 93 235.3055 34 75720.9868 27 68234.9645
73 40 10 81398.4315 34320.9637 103.53 32.17 94 254.9615 112 79001.6529 34 37883.7095 30 35774.6768
74 40 12 81398.4315 40729.0554 103.72 32.23 97 70745.2609 112 23752.3092 35 23992.3290 27 303.2577
75 40 12 81398.4315 31264.8559 105.17 32.55 117 23992.3290 103 7932.6448 36 8193.1097 29 61174.1873
76 40 13 81398.4315 38998.2095 105.58 32.62 117 23992.3290 112 74022.1177 35 7817.6773 27 141.9189
77 40 12 81398.4315 35055.2127 106.55 33.12 102 23992.3290 110 39053.8549 36 8055.1792 28 187.0546
78 40 11 81398.4315 39416.2550 106.53 33.73 105 8055.1792 113 72917.6354 36 5506.3000 30 75468.8317
79 40 10 82148.9959 38736.3206 107.05 33.77 113 728.0958 113 73688.3590 36 9665.6080 30 81398.4315
80 40 11 82148.9959 44829.8920 108.17 33.65 116 79533.4987 110 77735.7381 36 58291.2393 30 60744.4909
81 40 12 82148.9959 46179.0330 107.40 33.98 116 5214.0640 113 204.9881 37 572.2123 30 81398.4315
82 40 12 82148.9959 42827.7158 108.72 33.70 119 79923.2987 116 204.9881 37 76257.7801 30 16367.7716
83 40 11 82148.9959 43240.0872 109.95 33.73 119 79923.2987 116 155.2685 36 13699.0501 30 287.6911
84 40 13 82148.9959 44031.9605 109.55 33.70 119 79923.2987 116 155.2685 37 71702.6721 30 81398.4315
85 40 13 83045.8177 48357.3675 111.30 34.15 122 75.9836 114 71702.6721 38 73421.8511 30 81398.4315
86 40 13 84703.4019 44754.2780 113.03 34.30 122 77796.5574 119 77692.2593 39 77127.1394 30 81398.4315
87 40 11 84703.4019 45638.1973 113.65 35.40 114 22434.8239 124 77127.1394 40 448.6594 30 1695.3515
88 40 12 84703.4019 34975.7890 114.40 34.75 121 29650.3650 118 82333.7982 38 9560.1614 30 81398.4315
89 40 12 84703.4019 36245.2555 114.58 35.35 113 208.7693 118 12491.3249 38 28423.7702 31 197.4643
90 40 14 84703.4019 38023.3488 116.00 35.75 122 75016.6902 119 30581.2132 38 54546.7767 31 507.1552
91 40 13 84703.4019 48526.3590 116.83 35.80 125 8260.3110 117 30581.2132 39 11919.3074 30 781.4731
92 40 11 84703.4019 42825.4146 118.70 36.27 125 76713.8619 119 3703.6810 39 69122.2721 31 507.1552
93 40 12 85477.6349 46396.0002 119.35 36.38 128 71519.5551 119 6838.7679 39 37356.3539 31 507.1552
94 40 10 85477.6349 46529.4566 120.08 36.60 131 52392.2771 119 37356.3539 40 9248.5098 31 507.1552
95 40 11 85477.6349 40968.8264 121.47 36.42 130 26529.9660 119 83813.2805 39 3228.4701 31 507.1552
96 40 11 85477.6349 44989.1567 121.25 36.85 130 68577.1725 111 507.1552 40 4415.7860 31 507.1552
97 10 5 85477.6349 70327.3450 123.50 36.70 132 4968.2957 122 82578.0191 39 82578.0191 34 84703.4019
98 10 4 85477.6349 49363.6569 116.80 35.70 132 4968.2957 128 85477.6349 38 1245.0399 31 72053.4983
99 10 4 85477.6349 43558.7217 113.20 35.40 133 12169.9921 128 85477.6349 39 1079.4010 28 73723.1014
100 10 4 85477.6349 44458.5858 102.60 34.00 133 12169.9921 70 0.0000 38 85392.9774 29 0.0000
101 10 4 85477.6349 50292.2613 107.20 34.50 133 12169.9921 114 85392.9774 38 0.0000 29 31927.2357
102 10 4 85477.6349 44219.9054 112.40 35.30 133 12169.9921 68 0.0000 38 78719.1868 29 273.6545
103 10 3 85477.6349 42325.2097 120.10 37.10 133 12169.9921 73 0.0000 39 78685.9487 32 0.0000
103 10 3 85477.6349 38670.4824 118.30 37.00 133 12169.9921 114 85392.9774 39 2994.3629 29 8929.3622
104 10 3 85477.6349 34428.4173 116.60 35.60 133 12169.9921 132 85477.6349 38 0.0000 29 2387.1496
105 10 2 85477.6349 39601.8531 113.80 35.70 126 85477.6349 126 85392.9774 39 397.3720 29 80575.6159
106 10 2 85477.6349 30243.2645 115.30 35.50 126 85477.6349 129 85477.6349 38 85392.9774 30 5171.6480
107 10 3 85477.6349 35927.0198 111.20 35.10 132 8473.4486 74 15002.7677 38 85392.9774 29 5061.4570
108 10 2 85477.6349 58420.8393 128.80 36.80 132 4922.7610 129 85477.6349 37 0.0000 36 79104.4260
109 10 2 85477.6349 42443.5675 129.70 37.00 132 4922.7610 129 85477.6349 38 5540.9900 36 74260.3331
110 10 2 85477.6349 36513.1916 129.40 37.00 132 10263.5514 129 85477.6349 38 675.2891 36 6817.4668
111 10 2 85477.6349 41702.5178 129.40 36.90 132 11627.4600 130 85477.6349 38 11627.4600 36 5820.1231
111 10 2 85477.6349 61815.3779 128.70 36.80 132 11627.4600 129 85477.6349 38 11627.4600 36 81194.2282
112 10 2 85477.6349 50153.5845 129.40 36.80 132 11627.4600 132 85477.6349 38 11627.4600 36 38246.0245
113 10 2 85477.6349 53119.0187 129.50 37.10 132 66621.8662 129 85477.6349 38 32013.2595 36 85477.6349
114 10 2 85477.6349 32700.7252 130.70 37.10 132 66621.8662 135 66621.8662 38 0.0000 36 39352.1466
115 10 2 85477.6349 34334.8231 131.50 37.30 130 67412.5104 133 67412.5104 39 13035.7181 36 66808.3938
116 10 2 85477.6349 27042.2738 130.90 37.10 131 69648.4429 130 85477.6349 39 8996.8760 36 1820.9197
117 10 3 85477.6349 28063.0023 130.60 37.10 131 69648.4429 130 85477.6349 38 87.3315 36 10387.0657
118 10 3 85477.6349 33481.7619 131.10 37.30 135 6270.4920 129 85477.6349 39 7785.9780 36 4920.6596
119 10 2 85477.6349 50309.6769 132.80 37.90 137 7785.9780 129 85477.6349 40 15891.4956 36 83162.9516
120 10 3 85477.6349 48593.1693 131.40 37.40 134 80628.1815 129 85477.6349 40 70719.4673 36 16351.2345
121 10 3 85477.6349 46638.8618 134.60 38.60 139 70719.4673 129 85477.6349 41 6378.6920 36 85477.6349
122 10 3 85477.6349 53337.9281 134.40 38.20 140 76782.7802 129 85477.6349 40 36980.1488 36 30627.5000
123 10 2 85477.6349 53608.1076 135.90 38.30 141 80480.8157 127 85477.6349 40 17642.3266 36 0.0000
124 10 2 85477.6349 45010.1339 132.30 37.70 136 81135.4049 128 85477.6349 40 82.6604 36 44192.3791
125 10 2 85477.6349 55530.9708 132.40 37.50 136 81135.4049 127 85477.6349 39 14662.4459 36 0.0000
126 10 2 85477.6349 35066.7244 132.00 37.40 136 81135.4049 129 85477.6349 39 72624.3213 36 13275.9252
127 10 2 85477.6349 45401.0506 132.10 37.30 136 81135.4049 127 85477.6349 39 34970.6455 36 0.0000
128 10 2 85477.6349 42771.2479 132.00 37.40 136 81135.4049 127 85477.6349 39 43.5929 36 0.0000
129 10 2 85477.6349 50962.4010 132.30 37.40 136 81135.4049 129 85477.6349 40 9336.1968 36 35152.4697
130 10 2 85477.6349 46697.8810 132.60 37.40 136 81135.4049 127 85477.6349 39 78775.7110 36 0.0000
131 10 2 85477.6349 40940.0328 132.30 37.40 139 31500.1997 126 0.0000 39 31500.1997 36 0.0000
132 10 2 85477.6349 48537.6215 132.50 37.50 136 81135.4049 129 85477.6349 39 58311.3031 36 45598.9683
133 10 1 85477.6349 54038.4528 127.50 36.40 126 40926.0503 127 85477.6349 37 14703.7394 36 0.0000
134 10 1 85477.6349 53912.3927 127.70 36.50 126 79502.9313 129 85477.6349 37 0.0000 36 255.2960
135 10 1 85477.6349 57414.6431 127.60 36.50 130 20303.2050 126 0.0000 37 46133.3482 36 0.0000
136 10 2 85477.6349 44715.4921 128.60 36.80 126 33136.0311 130 85477.6349 38 13303.3983 36 76932.6673
137 10 2 85477.6349 50689.7176 128.80 36.90 130 33136.0311 129 85477.6349 38 28079.8417 36 41556.6911
138 10 2 85477.6349 34530.8850 130.00 37.20 130 81672.9726 128 85477.6349 38 -46.3494 36 85477.6349
139 10 3 85477.6349 61256.1270 130.70 37.30 130 81672.9726 127 85477.6349 39 64461.3437 36 0.0000
140 10 3 85477.6349 56284.1623 131.30 37.50 136 68007.4912 129 85477.6349 39 25851.4615 36 80990.5714
141 10 3 85477.6349 42862.4132 131.70 37.70 136 69412.4106 129 85477.6349 40 1288.7466 36 85477.6349
142 10 3 85477.6349 58296.2598 131.70 37.60 139 66021.4404 126 0.0000 40 66021.4404 36 0.0000
143 10 3 85477.6349 57050.1669 131.50 37.50 137 80187.2456 127 85477.6349 40 75786.3965 36 0.0000
144 10 3 85477.6349 56973.0871 131.80 37.70 137 80187.2456 128 85477.6349 40 13916.0985 36 77598.6143
145 10 3 85477.6349 41082.2228 132.50 37.80 137 80187.2456 129 85477.6349 40 76369.7246 36 81036.6340
146 10 4 85918.9891 58153.6367 132.10 37.70 137 80187.2456 129 85477.6349 41 46839.1086 36 41605.2384
147 10 1 85918.9891 64943.1299 135.10 38.70 143 46839.1086 132 81672.9726 42 74795.6269 37 40797.4902
148 10 1 85918.9891 48798.6829 131.30 37.10 129 46226.4173 130 85918.9891 38 46226.4173 37 0.0000
149 10 2 85918.9891 58996.8739 131.60 37.00 129 78246.6272 131 85918.9891 38 80038.9070 36 0.0000
150 10 2 85918.9891 58096.2801 134.10 37.80 135 80038.9070 132 85918.9891 39 80822.7820 36 3989.1465
151 10 2 85918.9891 60651.5119 135.10 37.80 138 80822.7820 132 85918.9891 39 8383.8433 36 75263.9706
152 10 2 86071.9447 53705.3608 134.50 37.70 141 83538.0861 129 0.0000 40 83538.0861 36 0.0000
153 10 1 86071.9447 53343.2832 137.10 38.10 144 82972.7159 130 0.0000 40 82972.7159 36 0.0000
154 10 1 86071.9447 45545.4007 135.70 37.70 130 3523.4431 133 86071.9447 40 3523.4431 36 86071.9447
